# Inverse matrices to be used in Blender on meshes
m_l_wrist_inv = [[0.9136908790566746, -0.30897422517752443, 0.264014972500784, 0], [0.26603811153053586, 0.9458117886700461, 0.18618212488322844, 0], [-0.30723395115434016, -0.09987486464930163, 0.9463785239899394, 0], [0, 0, 0, 1]]
m_r_wrist_inv = [[0.9136908790566746, 0.30897422517783657, 0.264014972500784, 0], [-0.26603811153053586, 0.9458117886699553, -0.18618212488322844, 0], [-0.30723395115434016, 0.09987486464919669, 0.9463785239899394, 0], [0, 0, 0, 1]]
m_head_inv = [[0.992331937885492, -0.1236014767404887, 0.0, 0], [0.12360147674046748, 0.9923319378854892, 0.0, 0], [0.0, 0.0, 1.0, 0], [0, 0, 0, 1]]

bpy.context.object.data.transform( MATRIX )
